1863	1925	1987	2049	2111	2173	2235	2297	2359	2421	2483	2545	2607	2669	2731	2793	2855	2917	2979	3041	3103	3165	3227	3289	3351	3413	3475	3537	3599	1	63	125	187	249	311	373	435	497	559	621	683	745	807	869	931	993	1055	1117	1179	1241	1303	1365	1427	1489	1551	1613	1675	1737	1799	1861
1924	1986	2048	2110	2172	2234	2296	2358	2420	2482	2544	2606	2668	2730	2792	2854	2916	2978	3040	3102	3164	3226	3288	3350	3412	3474	3536	3598	60	62	124	186	248	310	372	434	496	558	620	682	744	806	868	930	992	1054	1116	1178	1240	1302	1364	1426	1488	1550	1612	1674	1736	1798	1860	1862
1985	2047	2109	2171	2233	2295	2357	2419	2481	2543	2605	2667	2729	2791	2853	2915	2977	3039	3101	3163	3225	3287	3349	3411	3473	3535	3597	59	61	123	185	247	309	371	433	495	557	619	681	743	805	867	929	991	1053	1115	1177	1239	1301	1363	1425	1487	1549	1611	1673	1735	1797	1859	1921	1923
2046	2108	2170	2232	2294	2356	2418	2480	2542	2604	2666	2728	2790	2852	2914	2976	3038	3100	3162	3224	3286	3348	3410	3472	3534	3596	58	120	122	184	246	308	370	432	494	556	618	680	742	804	866	928	990	1052	1114	1176	1238	1300	1362	1424	1486	1548	1610	1672	1734	1796	1858	1920	1922	1984
2107	2169	2231	2293	2355	2417	2479	2541	2603	2665	2727	2789	2851	2913	2975	3037	3099	3161	3223	3285	3347	3409	3471	3533	3595	57	119	121	183	245	307	369	431	493	555	617	679	741	803	865	927	989	1051	1113	1175	1237	1299	1361	1423	1485	1547	1609	1671	1733	1795	1857	1919	1981	1983	2045
2168	2230	2292	2354	2416	2478	2540	2602	2664	2726	2788	2850	2912	2974	3036	3098	3160	3222	3284	3346	3408	3470	3532	3594	56	118	180	182	244	306	368	430	492	554	616	678	740	802	864	926	988	1050	1112	1174	1236	1298	1360	1422	1484	1546	1608	1670	1732	1794	1856	1918	1980	1982	2044	2106
2229	2291	2353	2415	2477	2539	2601	2663	2725	2787	2849	2911	2973	3035	3097	3159	3221	3283	3345	3407	3469	3531	3593	55	117	179	181	243	305	367	429	491	553	615	677	739	801	863	925	987	1049	1111	1173	1235	1297	1359	1421	1483	1545	1607	1669	1731	1793	1855	1917	1979	2041	2043	2105	2167
2290	2352	2414	2476	2538	2600	2662	2724	2786	2848	2910	2972	3034	3096	3158	3220	3282	3344	3406	3468	3530	3592	54	116	178	240	242	304	366	428	490	552	614	676	738	800	862	924	986	1048	1110	1172	1234	1296	1358	1420	1482	1544	1606	1668	1730	1792	1854	1916	1978	2040	2042	2104	2166	2228
2351	2413	2475	2537	2599	2661	2723	2785	2847	2909	2971	3033	3095	3157	3219	3281	3343	3405	3467	3529	3591	53	115	177	239	241	303	365	427	489	551	613	675	737	799	861	923	985	1047	1109	1171	1233	1295	1357	1419	1481	1543	1605	1667	1729	1791	1853	1915	1977	2039	2101	2103	2165	2227	2289
2412	2474	2536	2598	2660	2722	2784	2846	2908	2970	3032	3094	3156	3218	3280	3342	3404	3466	3528	3590	52	114	176	238	300	302	364	426	488	550	612	674	736	798	860	922	984	1046	1108	1170	1232	1294	1356	1418	1480	1542	1604	1666	1728	1790	1852	1914	1976	2038	2100	2102	2164	2226	2288	2350
2473	2535	2597	2659	2721	2783	2845	2907	2969	3031	3093	3155	3217	3279	3341	3403	3465	3527	3589	51	113	175	237	299	301	363	425	487	549	611	673	735	797	859	921	983	1045	1107	1169	1231	1293	1355	1417	1479	1541	1603	1665	1727	1789	1851	1913	1975	2037	2099	2161	2163	2225	2287	2349	2411
2534	2596	2658	2720	2782	2844	2906	2968	3030	3092	3154	3216	3278	3340	3402	3464	3526	3588	50	112	174	236	298	360	362	424	486	548	610	672	734	796	858	920	982	1044	1106	1168	1230	1292	1354	1416	1478	1540	1602	1664	1726	1788	1850	1912	1974	2036	2098	2160	2162	2224	2286	2348	2410	2472
2595	2657	2719	2781	2843	2905	2967	3029	3091	3153	3215	3277	3339	3401	3463	3525	3587	49	111	173	235	297	359	361	423	485	547	609	671	733	795	857	919	981	1043	1105	1167	1229	1291	1353	1415	1477	1539	1601	1663	1725	1787	1849	1911	1973	2035	2097	2159	2221	2223	2285	2347	2409	2471	2533
2656	2718	2780	2842	2904	2966	3028	3090	3152	3214	3276	3338	3400	3462	3524	3586	48	110	172	234	296	358	420	422	484	546	608	670	732	794	856	918	980	1042	1104	1166	1228	1290	1352	1414	1476	1538	1600	1662	1724	1786	1848	1910	1972	2034	2096	2158	2220	2222	2284	2346	2408	2470	2532	2594
2717	2779	2841	2903	2965	3027	3089	3151	3213	3275	3337	3399	3461	3523	3585	47	109	171	233	295	357	419	421	483	545	607	669	731	793	855	917	979	1041	1103	1165	1227	1289	1351	1413	1475	1537	1599	1661	1723	1785	1847	1909	1971	2033	2095	2157	2219	2281	2283	2345	2407	2469	2531	2593	2655
2778	2840	2902	2964	3026	3088	3150	3212	3274	3336	3398	3460	3522	3584	46	108	170	232	294	356	418	480	482	544	606	668	730	792	854	916	978	1040	1102	1164	1226	1288	1350	1412	1474	1536	1598	1660	1722	1784	1846	1908	1970	2032	2094	2156	2218	2280	2282	2344	2406	2468	2530	2592	2654	2716
2839	2901	2963	3025	3087	3149	3211	3273	3335	3397	3459	3521	3583	45	107	169	231	293	355	417	479	481	543	605	667	729	791	853	915	977	1039	1101	1163	1225	1287	1349	1411	1473	1535	1597	1659	1721	1783	1845	1907	1969	2031	2093	2155	2217	2279	2341	2343	2405	2467	2529	2591	2653	2715	2777
2900	2962	3024	3086	3148	3210	3272	3334	3396	3458	3520	3582	44	106	168	230	292	354	416	478	540	542	604	666	728	790	852	914	976	1038	1100	1162	1224	1286	1348	1410	1472	1534	1596	1658	1720	1782	1844	1906	1968	2030	2092	2154	2216	2278	2340	2342	2404	2466	2528	2590	2652	2714	2776	2838
2961	3023	3085	3147	3209	3271	3333	3395	3457	3519	3581	43	105	167	229	291	353	415	477	539	541	603	665	727	789	851	913	975	1037	1099	1161	1223	1285	1347	1409	1471	1533	1595	1657	1719	1781	1843	1905	1967	2029	2091	2153	2215	2277	2339	2401	2403	2465	2527	2589	2651	2713	2775	2837	2899
3022	3084	3146	3208	3270	3332	3394	3456	3518	3580	42	104	166	228	290	352	414	476	538	600	602	664	726	788	850	912	974	1036	1098	1160	1222	1284	1346	1408	1470	1532	1594	1656	1718	1780	1842	1904	1966	2028	2090	2152	2214	2276	2338	2400	2402	2464	2526	2588	2650	2712	2774	2836	2898	2960
3083	3145	3207	3269	3331	3393	3455	3517	3579	41	103	165	227	289	351	413	475	537	599	601	663	725	787	849	911	973	1035	1097	1159	1221	1283	1345	1407	1469	1531	1593	1655	1717	1779	1841	1903	1965	2027	2089	2151	2213	2275	2337	2399	2461	2463	2525	2587	2649	2711	2773	2835	2897	2959	3021
3144	3206	3268	3330	3392	3454	3516	3578	40	102	164	226	288	350	412	474	536	598	660	662	724	786	848	910	972	1034	1096	1158	1220	1282	1344	1406	1468	1530	1592	1654	1716	1778	1840	1902	1964	2026	2088	2150	2212	2274	2336	2398	2460	2462	2524	2586	2648	2710	2772	2834	2896	2958	3020	3082
3205	3267	3329	3391	3453	3515	3577	39	101	163	225	287	349	411	473	535	597	659	661	723	785	847	909	971	1033	1095	1157	1219	1281	1343	1405	1467	1529	1591	1653	1715	1777	1839	1901	1963	2025	2087	2149	2211	2273	2335	2397	2459	2521	2523	2585	2647	2709	2771	2833	2895	2957	3019	3081	3143
3266	3328	3390	3452	3514	3576	38	100	162	224	286	348	410	472	534	596	658	720	722	784	846	908	970	1032	1094	1156	1218	1280	1342	1404	1466	1528	1590	1652	1714	1776	1838	1900	1962	2024	2086	2148	2210	2272	2334	2396	2458	2520	2522	2584	2646	2708	2770	2832	2894	2956	3018	3080	3142	3204
3327	3389	3451	3513	3575	37	99	161	223	285	347	409	471	533	595	657	719	721	783	845	907	969	1031	1093	1155	1217	1279	1341	1403	1465	1527	1589	1651	1713	1775	1837	1899	1961	2023	2085	2147	2209	2271	2333	2395	2457	2519	2581	2583	2645	2707	2769	2831	2893	2955	3017	3079	3141	3203	3265
3388	3450	3512	3574	36	98	160	222	284	346	408	470	532	594	656	718	780	782	844	906	968	1030	1092	1154	1216	1278	1340	1402	1464	1526	1588	1650	1712	1774	1836	1898	1960	2022	2084	2146	2208	2270	2332	2394	2456	2518	2580	2582	2644	2706	2768	2830	2892	2954	3016	3078	3140	3202	3264	3326
3449	3511	3573	35	97	159	221	283	345	407	469	531	593	655	717	779	781	843	905	967	1029	1091	1153	1215	1277	1339	1401	1463	1525	1587	1649	1711	1773	1835	1897	1959	2021	2083	2145	2207	2269	2331	2393	2455	2517	2579	2641	2643	2705	2767	2829	2891	2953	3015	3077	3139	3201	3263	3325	3387
3510	3572	34	96	158	220	282	344	406	468	530	592	654	716	778	840	842	904	966	1028	1090	1152	1214	1276	1338	1400	1462	1524	1586	1648	1710	1772	1834	1896	1958	2020	2082	2144	2206	2268	2330	2392	2454	2516	2578	2640	2642	2704	2766	2828	2890	2952	3014	3076	3138	3200	3262	3324	3386	3448
3571	33	95	157	219	281	343	405	467	529	591	653	715	777	839	841	903	965	1027	1089	1151	1213	1275	1337	1399	1461	1523	1585	1647	1709	1771	1833	1895	1957	2019	2081	2143	2205	2267	2329	2391	2453	2515	2577	2639	2701	2703	2765	2827	2889	2951	3013	3075	3137	3199	3261	3323	3385	3447	3509
32	94	156	218	280	342	404	466	528	590	652	714	776	838	900	902	964	1026	1088	1150	1212	1274	1336	1398	1460	1522	1584	1646	1708	1770	1832	1894	1956	2018	2080	2142	2204	2266	2328	2390	2452	2514	2576	2638	2700	2702	2764	2826	2888	2950	3012	3074	3136	3198	3260	3322	3384	3446	3508	3570
93	155	217	279	341	403	465	527	589	651	713	775	837	899	901	963	1025	1087	1149	1211	1273	1335	1397	1459	1521	1583	1645	1707	1769	1831	1893	1955	2017	2079	2141	2203	2265	2327	2389	2451	2513	2575	2637	2699	2761	2763	2825	2887	2949	3011	3073	3135	3197	3259	3321	3383	3445	3507	3569	31
154	216	278	340	402	464	526	588	650	712	774	836	898	960	962	1024	1086	1148	1210	1272	1334	1396	1458	1520	1582	1644	1706	1768	1830	1892	1954	2016	2078	2140	2202	2264	2326	2388	2450	2512	2574	2636	2698	2760	2762	2824	2886	2948	3010	3072	3134	3196	3258	3320	3382	3444	3506	3568	30	92
215	277	339	401	463	525	587	649	711	773	835	897	959	961	1023	1085	1147	1209	1271	1333	1395	1457	1519	1581	1643	1705	1767	1829	1891	1953	2015	2077	2139	2201	2263	2325	2387	2449	2511	2573	2635	2697	2759	2821	2823	2885	2947	3009	3071	3133	3195	3257	3319	3381	3443	3505	3567	29	91	153
276	338	400	462	524	586	648	710	772	834	896	958	1020	1022	1084	1146	1208	1270	1332	1394	1456	1518	1580	1642	1704	1766	1828	1890	1952	2014	2076	2138	2200	2262	2324	2386	2448	2510	2572	2634	2696	2758	2820	2822	2884	2946	3008	3070	3132	3194	3256	3318	3380	3442	3504	3566	28	90	152	214
337	399	461	523	585	647	709	771	833	895	957	1019	1021	1083	1145	1207	1269	1331	1393	1455	1517	1579	1641	1703	1765	1827	1889	1951	2013	2075	2137	2199	2261	2323	2385	2447	2509	2571	2633	2695	2757	2819	2881	2883	2945	3007	3069	3131	3193	3255	3317	3379	3441	3503	3565	27	89	151	213	275
398	460	522	584	646	708	770	832	894	956	1018	1080	1082	1144	1206	1268	1330	1392	1454	1516	1578	1640	1702	1764	1826	1888	1950	2012	2074	2136	2198	2260	2322	2384	2446	2508	2570	2632	2694	2756	2818	2880	2882	2944	3006	3068	3130	3192	3254	3316	3378	3440	3502	3564	26	88	150	212	274	336
459	521	583	645	707	769	831	893	955	1017	1079	1081	1143	1205	1267	1329	1391	1453	1515	1577	1639	1701	1763	1825	1887	1949	2011	2073	2135	2197	2259	2321	2383	2445	2507	2569	2631	2693	2755	2817	2879	2941	2943	3005	3067	3129	3191	3253	3315	3377	3439	3501	3563	25	87	149	211	273	335	397
520	582	644	706	768	830	892	954	1016	1078	1140	1142	1204	1266	1328	1390	1452	1514	1576	1638	1700	1762	1824	1886	1948	2010	2072	2134	2196	2258	2320	2382	2444	2506	2568	2630	2692	2754	2816	2878	2940	2942	3004	3066	3128	3190	3252	3314	3376	3438	3500	3562	24	86	148	210	272	334	396	458
581	643	705	767	829	891	953	1015	1077	1139	1141	1203	1265	1327	1389	1451	1513	1575	1637	1699	1761	1823	1885	1947	2009	2071	2133	2195	2257	2319	2381	2443	2505	2567	2629	2691	2753	2815	2877	2939	3001	3003	3065	3127	3189	3251	3313	3375	3437	3499	3561	23	85	147	209	271	333	395	457	519
642	704	766	828	890	952	1014	1076	1138	1200	1202	1264	1326	1388	1450	1512	1574	1636	1698	1760	1822	1884	1946	2008	2070	2132	2194	2256	2318	2380	2442	2504	2566	2628	2690	2752	2814	2876	2938	3000	3002	3064	3126	3188	3250	3312	3374	3436	3498	3560	22	84	146	208	270	332	394	456	518	580
703	765	827	889	951	1013	1075	1137	1199	1201	1263	1325	1387	1449	1511	1573	1635	1697	1759	1821	1883	1945	2007	2069	2131	2193	2255	2317	2379	2441	2503	2565	2627	2689	2751	2813	2875	2937	2999	3061	3063	3125	3187	3249	3311	3373	3435	3497	3559	21	83	145	207	269	331	393	455	517	579	641
764	826	888	950	1012	1074	1136	1198	1260	1262	1324	1386	1448	1510	1572	1634	1696	1758	1820	1882	1944	2006	2068	2130	2192	2254	2316	2378	2440	2502	2564	2626	2688	2750	2812	2874	2936	2998	3060	3062	3124	3186	3248	3310	3372	3434	3496	3558	20	82	144	206	268	330	392	454	516	578	640	702
825	887	949	1011	1073	1135	1197	1259	1261	1323	1385	1447	1509	1571	1633	1695	1757	1819	1881	1943	2005	2067	2129	2191	2253	2315	2377	2439	2501	2563	2625	2687	2749	2811	2873	2935	2997	3059	3121	3123	3185	3247	3309	3371	3433	3495	3557	19	81	143	205	267	329	391	453	515	577	639	701	763
886	948	1010	1072	1134	1196	1258	1320	1322	1384	1446	1508	1570	1632	1694	1756	1818	1880	1942	2004	2066	2128	2190	2252	2314	2376	2438	2500	2562	2624	2686	2748	2810	2872	2934	2996	3058	3120	3122	3184	3246	3308	3370	3432	3494	3556	18	80	142	204	266	328	390	452	514	576	638	700	762	824
947	1009	1071	1133	1195	1257	1319	1321	1383	1445	1507	1569	1631	1693	1755	1817	1879	1941	2003	2065	2127	2189	2251	2313	2375	2437	2499	2561	2623	2685	2747	2809	2871	2933	2995	3057	3119	3181	3183	3245	3307	3369	3431	3493	3555	17	79	141	203	265	327	389	451	513	575	637	699	761	823	885
1008	1070	1132	1194	1256	1318	1380	1382	1444	1506	1568	1630	1692	1754	1816	1878	1940	2002	2064	2126	2188	2250	2312	2374	2436	2498	2560	2622	2684	2746	2808	2870	2932	2994	3056	3118	3180	3182	3244	3306	3368	3430	3492	3554	16	78	140	202	264	326	388	450	512	574	636	698	760	822	884	946
1069	1131	1193	1255	1317	1379	1381	1443	1505	1567	1629	1691	1753	1815	1877	1939	2001	2063	2125	2187	2249	2311	2373	2435	2497	2559	2621	2683	2745	2807	2869	2931	2993	3055	3117	3179	3241	3243	3305	3367	3429	3491	3553	15	77	139	201	263	325	387	449	511	573	635	697	759	821	883	945	1007
1130	1192	1254	1316	1378	1440	1442	1504	1566	1628	1690	1752	1814	1876	1938	2000	2062	2124	2186	2248	2310	2372	2434	2496	2558	2620	2682	2744	2806	2868	2930	2992	3054	3116	3178	3240	3242	3304	3366	3428	3490	3552	14	76	138	200	262	324	386	448	510	572	634	696	758	820	882	944	1006	1068
1191	1253	1315	1377	1439	1441	1503	1565	1627	1689	1751	1813	1875	1937	1999	2061	2123	2185	2247	2309	2371	2433	2495	2557	2619	2681	2743	2805	2867	2929	2991	3053	3115	3177	3239	3301	3303	3365	3427	3489	3551	13	75	137	199	261	323	385	447	509	571	633	695	757	819	881	943	1005	1067	1129
1252	1314	1376	1438	1500	1502	1564	1626	1688	1750	1812	1874	1936	1998	2060	2122	2184	2246	2308	2370	2432	2494	2556	2618	2680	2742	2804	2866	2928	2990	3052	3114	3176	3238	3300	3302	3364	3426	3488	3550	12	74	136	198	260	322	384	446	508	570	632	694	756	818	880	942	1004	1066	1128	1190
1313	1375	1437	1499	1501	1563	1625	1687	1749	1811	1873	1935	1997	2059	2121	2183	2245	2307	2369	2431	2493	2555	2617	2679	2741	2803	2865	2927	2989	3051	3113	3175	3237	3299	3361	3363	3425	3487	3549	11	73	135	197	259	321	383	445	507	569	631	693	755	817	879	941	1003	1065	1127	1189	1251
1374	1436	1498	1560	1562	1624	1686	1748	1810	1872	1934	1996	2058	2120	2182	2244	2306	2368	2430	2492	2554	2616	2678	2740	2802	2864	2926	2988	3050	3112	3174	3236	3298	3360	3362	3424	3486	3548	10	72	134	196	258	320	382	444	506	568	630	692	754	816	878	940	1002	1064	1126	1188	1250	1312
1435	1497	1559	1561	1623	1685	1747	1809	1871	1933	1995	2057	2119	2181	2243	2305	2367	2429	2491	2553	2615	2677	2739	2801	2863	2925	2987	3049	3111	3173	3235	3297	3359	3421	3423	3485	3547	9	71	133	195	257	319	381	443	505	567	629	691	753	815	877	939	1001	1063	1125	1187	1249	1311	1373
1496	1558	1620	1622	1684	1746	1808	1870	1932	1994	2056	2118	2180	2242	2304	2366	2428	2490	2552	2614	2676	2738	2800	2862	2924	2986	3048	3110	3172	3234	3296	3358	3420	3422	3484	3546	8	70	132	194	256	318	380	442	504	566	628	690	752	814	876	938	1000	1062	1124	1186	1248	1310	1372	1434
1557	1619	1621	1683	1745	1807	1869	1931	1993	2055	2117	2179	2241	2303	2365	2427	2489	2551	2613	2675	2737	2799	2861	2923	2985	3047	3109	3171	3233	3295	3357	3419	3481	3483	3545	7	69	131	193	255	317	379	441	503	565	627	689	751	813	875	937	999	1061	1123	1185	1247	1309	1371	1433	1495
1618	1680	1682	1744	1806	1868	1930	1992	2054	2116	2178	2240	2302	2364	2426	2488	2550	2612	2674	2736	2798	2860	2922	2984	3046	3108	3170	3232	3294	3356	3418	3480	3482	3544	6	68	130	192	254	316	378	440	502	564	626	688	750	812	874	936	998	1060	1122	1184	1246	1308	1370	1432	1494	1556
1679	1681	1743	1805	1867	1929	1991	2053	2115	2177	2239	2301	2363	2425	2487	2549	2611	2673	2735	2797	2859	2921	2983	3045	3107	3169	3231	3293	3355	3417	3479	3541	3543	5	67	129	191	253	315	377	439	501	563	625	687	749	811	873	935	997	1059	1121	1183	1245	1307	1369	1431	1493	1555	1617
1740	1742	1804	1866	1928	1990	2052	2114	2176	2238	2300	2362	2424	2486	2548	2610	2672	2734	2796	2858	2920	2982	3044	3106	3168	3230	3292	3354	3416	3478	3540	3542	4	66	128	190	252	314	376	438	500	562	624	686	748	810	872	934	996	1058	1120	1182	1244	1306	1368	1430	1492	1554	1616	1678
1801	1803	1865	1927	1989	2051	2113	2175	2237	2299	2361	2423	2485	2547	2609	2671	2733	2795	2857	2919	2981	3043	3105	3167	3229	3291	3353	3415	3477	3539	0	3	65	127	189	251	313	375	437	499	561	623	685	747	809	871	933	995	1057	1119	1181	1243	1305	1367	1429	1491	1553	1615	1677	1739
1802	1864	1926	1988	2050	2112	2174	2236	2298	2360	2422	2484	2546	2608	2670	2732	2794	2856	2918	2980	3042	3104	3166	3228	3290	3352	3414	3476	3538	3600	2	64	126	188	250	312	374	436	498	560	622	684	746	808	870	932	994	1056	1118	1180	1242	1304	1366	1428	1490	1552	1614	1676	1738	1800